-0.0073674400
-0.0073674400
-0.0075911912
-0.0078771766
-0.0094780438
-0.0094780438
-0.0047020232
0.0025337562
0.0035373920
0.0072908509
0.0077660731
0.0108059058
0.0108111100
0.0131371440
0.0142387142
0.0177460760
0.0177460760
0.0180646759
0.0205644146
0.0206673723
0.0215960704
0.0215960704
0.0228321776
0.0241863728
0.0241863728
0.0241863728
0.0242098365
0.0244434364
0.0242098365
0.0243013166
0.0243013166
0.0248330384
0.0248330384
0.0248330384
0.0256236307
0.0256236307
0.0256265309
0.0256265309
0.0256265309
0.0261373632
0.0261373632
0.0261373632
0.0261586532
0.0278586783
0.0278586783
0.0254598577
0.0252044499
0.0252044499
0.0251407474
0.0249151904
0.0237158239
0.0237158239
0.0242643561
0.0242643561
0.0242643561
0.0247812662
0.0247812662
0.0248024035
0.0245786197
0.0248024035
0.0245499872
0.0256833304
0.0246645175
0.0246645175
0.0239564795
0.0238722563
0.0238722563
0.0242565572
0.0242565572
0.0235965271
0.0219929479
0.0202370118
0.0197784938
0.0186140612
0.0186140612
0.0186140612
0.0181216616
0.0172001533
0.0172001533
0.0175738782
0.0187230185
0.0187564082
0.0191231556
0.0193250999
0.0193250999
0.0193250999
0.0184843205
0.0184843205
0.0193470586
0.0193470586
0.0200717784
0.0207594335
0.0207594335
0.0192366969
0.0192366969
0.0192922410
0.0196368508
0.0196368508
0.0203281473
0.0203281473
0.0195980873
0.0195151959
0.0195151959
0.0188660268
0.0186577830
0.0184590910
0.0175124109
0.0165833626
0.0157148186
0.0157148186
0.0163765848
0.0169576351
0.0163765848
0.0163742471
0.0131452754
0.0126530183
0.0117567424
0.0116910115
0.0115657523
0.0116910115
0.0106205568
0.0108249309
0.0108249309
0.0108249309
0.0101938145
0.0087732011
0.0057167527
0.0057167527
0.0065428424
0.0076492522
0.0088973539
0.0093737775
0.0088973539
0.0093248179
0.0093248179
0.0098495577
0.0101504419
0.0101504419
0.0101504419
0.0104647456
0.0094966767
0.0094966767
0.0091800317
0.0091621894
0.0082258908
0.0077045043
0.0066124992
0.0064127469
0.0054027718
0.0053561199
0.0053561199
0.0048547112
0.0040618568
0.0040618568
0.0040618568
0.0043559331
0.0036887659
0.0030655011
0.0016979829
0.0011345492
0.0008509450
0.0008509450
0.0001808079
0.0000457796
-0.0010037031
-0.0010037031
-0.0003760995
0.0002752690
0.0012580847
0.0002752690
-0.0006497065
-0.0012042823
-0.0020219295
-0.0026300068
-0.0027263577
-0.0027263577
-0.0035892709
-0.0023928357
-0.0022649814
-0.0011026533
-0.0011026533
-0.0018731144
-0.0018731144
-0.0018731144
-0.0012802028
-0.0008711773
-0.0008711773
-0.0008711773
-0.0010980186
-0.0008936548
-0.0008936548
-0.0006578059
-0.0006578059
-0.0020438076
-0.0051361700
-0.0051361700
-0.0050490173
-0.0048881965
-0.0048881965
-0.0045691812
-0.0051581892
-0.0050875559
-0.0050875559
-0.0050875559
-0.0058748857
-0.0062055751
